%YAML:1.0
---
my_detector: !!opencv-object-detector-hog
   winSize: [ 64, 64 ]
   blockSize: [ 16, 16 ]
   blockStride: [ 8, 8 ]
   cellSize: [ 8, 8 ]
   nbins: 9
   derivAperture: 1
   winSigma: 4.
   histogramNormType: 0
   L2HysThreshold: 2.0000000000000001e-01
   gammaCorrection: 1
   nlevels: 64
   signedGradient: 0
   SVMDetector: [ 1.34485355e-02, 4.13605431e-03, 6.69275830e-03,
       -4.97012213e-03, 1.13010434e-02, -1.33308873e-03, 3.25306542e-02,
       1.40546327e-02, 1.57178193e-02, 2.50357538e-02, 5.77021483e-03,
       1.95170566e-02, -6.24271575e-03, 1.06447162e-02, -4.82692057e-03,
       3.23333032e-02, 1.82043239e-02, 2.74281316e-02, -1.37048203e-03,
       -2.38153618e-03, 1.37777766e-02, -1.18002668e-02, 8.61006137e-03,
       -2.12856550e-02, 1.25238840e-02, 8.18435010e-03, 6.17348868e-03,
       5.84240677e-03, 5.79435192e-03, 2.73666549e-02, -1.05076144e-02,
       1.35706952e-02, -2.68327743e-02, 2.66776811e-02, 1.08517148e-02,
       1.44002223e-02, -2.08188524e-03, -6.46652607e-03, 2.12882156e-03,
       -2.09731739e-02, -2.91599762e-02, -1.33997286e-02,
       -1.70317828e-03, -5.88528533e-03, -2.26172316e-03, 1.32501321e-02,
       9.72607173e-03, 2.13188641e-02, 1.12916073e-02, 2.10376438e-02,
       3.71226780e-02, 2.46870276e-02, 9.40874312e-03, 5.73418755e-03,
       -1.55983604e-02, -6.49661757e-03, 3.13782156e-03, -1.87132619e-02,
       -3.95576097e-02, -3.66828404e-02, -6.83820620e-03,
       -1.37588140e-02, -1.89930741e-02, 1.93811562e-02, 1.42731583e-02,
       2.15700343e-02, 4.43305727e-03, -1.39300693e-02, 1.81215408e-03,
       1.64063200e-02, 1.31576918e-02, 1.26608899e-02, 2.08181632e-03,
       -7.23126065e-03, -1.00378720e-02, -2.28387769e-02,
       -3.14188972e-02, -4.24302509e-03, -9.48838983e-03,
       -6.27242820e-03, -3.15079512e-03, 1.01632681e-02, -4.34044981e-03,
       5.18099125e-03, 3.15193720e-02, 6.29743608e-03, 1.02285072e-02,
       1.07412972e-02, 1.42819742e-02, 1.81910656e-02, 8.48817639e-04,
       -1.90615039e-02, -1.66216996e-02, -2.15440877e-02,
       -5.80450930e-02, -2.87834611e-02, -1.69884842e-02,
       -4.53450903e-03, 2.11048429e-03, 9.49859247e-03, -1.07128946e-02,
       3.80147574e-03, 5.20060351e-03, -2.28270311e-02, 5.81055041e-03,
       -1.00209995e-03, 6.52660895e-03, 1.70807447e-02, -1.26665514e-02,
       -2.07587667e-02, -2.09866576e-02, -5.79645205e-03,
       -4.20095865e-03, 9.39531531e-03, -6.38763979e-03, 1.21695362e-03,
       -1.06677483e-03, -2.66560763e-02, -2.22675707e-02,
       -1.45541448e-02, 1.22555783e-02, -5.85144712e-03, -7.94142298e-03,
       -7.64157390e-03, -1.23942392e-02, -1.84706319e-02,
       -6.57265680e-03, -1.60507783e-02, -1.69382766e-02,
       -7.48583931e-04, -2.18721945e-02, -2.49012210e-03,
       -1.79673675e-02, -1.14808427e-02, 1.28029403e-03, -1.81525107e-02,
       -1.81250032e-02, 6.80272141e-03, 3.21463794e-02, 2.92479107e-03,
       -1.49927856e-02, -3.22163515e-02, -3.34491022e-02,
       -2.24222131e-02, -1.49003919e-02, -1.49598466e-02,
       -1.17081199e-02, -4.08083375e-04, 1.63208079e-02, 1.40702091e-02,
       4.66036331e-03, -8.22205935e-03, -1.38110667e-02, -1.57424267e-02,
       -2.41904072e-02, -3.03453188e-02, -1.20287100e-02,
       -2.16485020e-02, -2.39516925e-02, -1.21581573e-02,
       -2.34717503e-02, -1.78140420e-02, -3.88402794e-03,
       -2.98023783e-03, 2.68165860e-03, 3.31068970e-02, 4.64694127e-02,
       1.77661832e-02, -4.09681117e-03, -1.59318317e-02, -9.47272591e-03,
       -2.13463586e-02, -1.81080345e-02, -2.35647298e-02,
       -1.01685813e-02, -9.56398807e-03, -1.30599076e-02,
       -4.41378588e-03, -1.52646247e-02, -2.44558044e-02, 5.61857456e-03,
       -8.98928847e-03, -1.23886159e-02, 1.18761156e-02, 2.47105695e-02,
       -8.34614690e-03, 5.10945916e-03, -8.30253679e-03, 2.29655067e-03,
       -7.72044761e-03, -1.31257968e-02, -1.10983141e-02,
       -1.56092262e-02, -1.25138415e-02, -3.55914198e-02,
       -1.03185698e-02, -1.65799502e-02, -5.61306393e-03, 1.18748657e-02,
       8.92697647e-03, -1.96569785e-03, 8.71520769e-03, 4.35701460e-02,
       2.14270726e-02, 3.19656245e-02, 1.92547794e-02, 6.71335775e-03,
       -2.19281074e-02, -1.16359210e-03, -1.00577008e-02,
       -2.28298586e-02, 4.94098244e-03, -1.98818650e-02, -3.06420564e-03,
       -4.68422147e-03, -2.64005810e-02, 8.90001934e-03, 4.78382036e-03,
       1.42173395e-02, 1.30018955e-02, 4.22209315e-02, 4.51716129e-03,
       4.41420451e-03, -2.51742708e-03, 7.39936996e-03, 5.88427251e-03,
       1.37000461e-03, 1.06312968e-02, -1.63481701e-02, 9.73435119e-03,
       -1.20453918e-02, -2.33811885e-02, -3.41712981e-02,
       -1.11939609e-02, 5.27079776e-03, 1.03521189e-02, 1.02613168e-02,
       -3.19289044e-03, 3.74897085e-02, 1.21919708e-02, 1.63767319e-02,
       1.18898125e-02, 2.12396076e-03, 6.10753056e-03, -2.16182461e-03,
       5.73388115e-03, -2.40539871e-02, 9.88595467e-03, -7.12603331e-03,
       1.88049476e-03, -1.64599381e-02, -3.97690572e-03, -2.24189920e-04,
       2.47144420e-03, 9.66815371e-03, -1.85621697e-02, -6.27941685e-03,
       -1.75701287e-02, 4.52945055e-03, 7.91754294e-03, 7.54569145e-03,
       1.11266794e-02, 1.56391580e-02, 2.36479566e-02, -1.03268689e-02,
       3.74419591e-03, -2.21428182e-02, 1.62745826e-02, 1.24317529e-02,
       1.25520527e-02, -5.44845313e-03, 1.33006531e-03, 1.04840370e-02,
       -1.52028231e-02, -4.81729582e-03, -1.06185786e-02, 7.37874629e-03,
       -2.86327279e-03, -6.28245249e-03, 1.87358446e-02, 1.44260116e-02,
       3.61876972e-02, 2.47279946e-02, 3.91333997e-02, 1.65891543e-03,
       2.43315361e-02, 1.58276390e-02, 1.75451487e-02, -1.56079521e-02,
       -7.58216411e-05, -1.09924054e-04, -1.47954589e-02,
       -3.83300334e-02, -2.19208188e-02, -1.07816199e-03,
       -5.35165425e-03, -2.03104224e-02, -1.99686992e-03, 1.14638926e-02,
       1.71124861e-02, 1.51550965e-02, -1.91212688e-02, 3.69836902e-03,
       2.47008838e-02, 1.74128953e-02, -5.03679272e-03, -1.07192202e-02,
       2.08930578e-03, 1.17623238e-02, 3.35848250e-04, -1.50257032e-02,
       -1.87822375e-02, 4.13440925e-04, -4.95459186e-03, -1.83140859e-02,
       3.28425616e-02, 4.75974940e-02, 5.56885824e-02, 3.95947956e-02,
       1.39961392e-02, 1.00712879e-02, 2.80858222e-02, 2.68929973e-02,
       2.12576967e-02, -3.30954865e-02, -2.13569291e-02, -1.99807938e-02,
       -1.26211122e-02, -4.75832634e-02, -2.75959596e-02,
       -1.96085572e-02, -1.34991566e-02, -2.27515697e-02,
       -2.71581132e-02, -1.83927789e-02, -4.70604375e-03, 2.32400727e-02,
       -3.75572615e-03, 2.73214784e-02, -1.22829145e-02, -5.49221784e-03,
       -1.05237663e-02, -2.44053807e-02, 4.51967446e-03, -4.44821606e-04,
       1.76429581e-02, -1.73340645e-02, -1.25165936e-02, -1.24095716e-02,
       -8.99842475e-03, -2.51482688e-02, -7.52902683e-03, 2.83204559e-02,
       3.54301669e-02, 6.19704239e-02, 5.16887046e-02, 2.87804380e-02,
       -2.15700716e-02, -1.13119958e-02, -1.41024971e-02,
       -1.20533919e-02, -1.97830833e-02, -1.90841723e-02,
       -5.12857875e-03, -1.93594061e-02, -3.21323052e-03,
       -2.70649772e-02, -1.53620467e-02, -5.55761624e-03,
       -9.67550557e-03, -1.35916080e-02, -4.82055219e-03, 1.67400558e-02,
       -8.10021244e-04, 4.57740109e-03, -2.92117093e-02, -2.56663747e-02,
       -2.27670223e-02, -3.08290171e-03, -3.93161643e-03,
       -3.41796456e-03, 1.72842275e-02, 2.31094053e-03, 3.01289745e-03,
       -2.26196274e-02, -1.52067970e-02, -8.12134985e-03, 9.41553619e-03,
       -4.92183585e-03, 4.13432298e-03, 1.76534578e-02, -5.10221440e-03,
       2.82206275e-02, -4.35143244e-03, 4.62573301e-03, 3.12407734e-04,
       -4.32996964e-03, -3.97881679e-03, 5.16909547e-03, 1.52698597e-02,
       3.09216976e-03, 9.60448012e-03, -2.05021701e-03, -5.34150330e-03,
       -1.11275865e-02, -1.98073778e-02, -9.17069800e-03,
       -6.74424274e-03, -9.52130742e-03, -2.42843945e-02,
       -8.92386399e-03, 1.42072633e-06, -8.33567791e-03, -2.14572437e-02,
