%YAML:1.0
---
my_detector: !!opencv-object-detector-hog
   winSize: [ 64, 64 ]
   blockSize: [ 16, 16 ]
   blockStride: [ 8, 8 ]
   cellSize: [ 8, 8 ]
   nbins: 9
   derivAperture: 1
   winSigma: 4.
   histogramNormType: 0
   L2HysThreshold: 2.0000000000000001e-01
   gammaCorrection: 1
   nlevels: 64
   signedGradient: 0
   SVMDetector: [ -6.54223282e-03, -1.36159686e-03, -1.35460298e-03,
       -2.20166128e-02, -1.35578625e-02, -9.93362162e-03, 5.19590545e-03,
       2.06355844e-02, 3.80035397e-03, 3.47412587e-03, 8.70833918e-03,
       2.05580960e-03, -1.38069894e-02, 1.43051762e-02, -1.40213780e-02,
       2.58933008e-03, 1.55171677e-02, 2.30628462e-03, -2.60274997e-03,
       9.47927590e-03, 1.31363301e-02, -4.94024344e-03, -5.15817432e-03,
       5.61755802e-03, -2.76830164e-03, 9.65363439e-03, 6.53024018e-03,
       -8.00534338e-03, 1.39914555e-04, 9.23407264e-03, -2.23468291e-03,
       2.41724588e-02, -1.59781668e-02, -1.32241985e-02, 7.00670574e-03,
       1.83159963e-03, -2.48509273e-02, -6.79044379e-03, -1.47166075e-02,
       -2.02149805e-02, -1.68750174e-02, -2.20868401e-02,
       -1.95712652e-02, -1.53720332e-02, -3.23865488e-02, 2.99898721e-02,
       3.93787436e-02, 1.52370604e-02, 1.97336022e-02, 1.95463262e-02,
       4.31822054e-02, 3.51526327e-02, 2.60676648e-02, 1.71299856e-02,
       -2.72010844e-02, -1.43950833e-02, -1.00752544e-02,
       -1.20450594e-02, -9.06474609e-03, -2.44467352e-02,
       -3.15361023e-02, -1.71399247e-02, -2.78614685e-02, 6.21749274e-03,
       1.00781415e-02, -1.19985938e-02, -2.16507912e-02, -6.08445099e-03,
       6.89806091e-03, 4.08256380e-03, -7.84933509e-05, -4.96533886e-03,
       -1.37611125e-02, -4.35585110e-03, -2.56499313e-02,
       -3.45001556e-02, -8.52923185e-05, 1.87623519e-02, -1.32194639e-03,
       8.91621225e-03, -8.92929547e-03, 1.60045046e-02, 2.53643822e-02,
       1.14854928e-02, 4.99725565e-02, 3.63937318e-02, 3.64221372e-02,
       5.80266863e-02, 5.12800552e-02, 2.53736787e-02, -2.97058951e-02,
       -3.17361951e-02, -4.76242676e-02, -6.00565225e-02,
       -4.28470634e-02, -2.55320705e-02, -2.19411906e-02,
       -1.91989467e-02, -2.28325352e-02, -1.43252080e-02,
       -1.29646873e-02, -1.48170358e-02, -8.91041849e-03, 1.81570277e-03,
       2.79677287e-03, 2.21101679e-02, 1.42832315e-02, -4.65537328e-03,
       7.90397316e-05, -4.00031538e-04, -6.53960090e-03, 3.23619670e-03,
       1.73779782e-02, 4.18985598e-02, 3.46134230e-02, 4.15598042e-02,
       7.22646574e-03, -1.46151129e-02, -1.55048398e-02, -1.93692278e-02,
       -1.89771820e-02, -6.24616034e-02, -2.40737703e-02, 1.74822547e-02,
       1.87759735e-02, -1.00534856e-02, -1.87081322e-02, -1.66082941e-02,
       -2.42360383e-02, -9.90417227e-03, 1.35385245e-02, 3.19382399e-02,
       2.49410477e-02, 1.44763254e-02, -9.31597222e-03, -3.33496183e-03,
       -1.20514091e-02, -2.85394564e-02, -2.25814544e-02,
       -3.44257280e-02, -2.37387214e-02, 5.92039607e-04, -6.01601461e-03,
       -1.19028585e-02, 8.52654781e-03, -2.39972328e-03, -8.94402526e-03,
       -1.76375378e-02, -1.63898189e-02, 2.42172386e-02, 3.78975496e-02,
       2.84973718e-02, 9.50779486e-03, -1.60620250e-02, -1.76822077e-02,
       -2.51139365e-02, -3.74639444e-02, -4.75994535e-02,
       -5.60176559e-02, -3.20287831e-02, -1.37253711e-02,
       -1.55125177e-02, 4.39395495e-02, 2.50224266e-02, 3.42982169e-03,
       4.83499188e-03, 3.11467312e-02, 4.52779941e-02, 5.70436604e-02,
       3.60872485e-02, 3.30424570e-02, -5.84000070e-03, -1.33089274e-02,
       -2.18982249e-02, -2.51774173e-02, -1.87808648e-02,
       -4.00615223e-02, -1.84211303e-02, -1.57963979e-04,
       -1.65170487e-02, 1.81948277e-03, 1.21537149e-02, 5.73371770e-03,
       -5.42734750e-03, -6.98068878e-03, -1.59711782e-02, 7.66115263e-04,
       7.87450466e-03, 1.70694268e-03, -1.83852501e-02, 2.81458255e-03,
       -3.78803088e-04, -2.33270470e-02, 3.33758467e-03, -9.00901388e-03,
       -1.10796001e-02, -8.20370112e-03, -2.07176860e-02, 2.72599068e-02,
       2.35274509e-02, 9.76813864e-03, 1.43167153e-02, 1.55675178e-02,
       8.21774453e-03, 2.22507175e-02, 3.12699862e-02, 2.04594526e-02,
       1.09840333e-02, 1.87972840e-02, 6.44916529e-03, 6.03515655e-03,
       1.68591402e-02, -2.56983172e-02, -9.40356497e-03, 1.05920341e-02,
       5.53911272e-03, -7.01558543e-03, 1.49357496e-02, 1.25506921e-02,
       -1.99202858e-02, 1.05072828e-02, -8.34743585e-03, -7.32865417e-03,
       2.46236403e-03, -5.74206281e-03, 1.90564676e-03, 7.76869012e-03,
       4.42047510e-03, -1.71559136e-02, 3.37707251e-02, -2.84276810e-02,
       -2.69039776e-02, -1.66971087e-02, -3.06476722e-03, 1.19297784e-02,
       2.26213429e-02, 1.80234741e-02, 3.11157526e-03, 1.21705905e-02,
       -7.90823996e-03, -1.21745816e-03, 1.73610784e-02, 1.82046015e-02,
       1.55007774e-02, 2.22776309e-02, 1.78154949e-02, -1.41953249e-02,
       3.41156386e-02, -1.81852058e-02, -2.33043283e-02, -6.84816623e-03,
       1.41045880e-02, -1.23164523e-02, 3.27210827e-03, -5.12843981e-05,
       -2.47973073e-02, -2.98629724e-03, 3.46564897e-03, -6.85344730e-03,
       5.59914159e-03, 1.76115404e-03, -1.00079812e-02, -1.37264258e-03,
       -4.53559216e-03, -1.79893747e-02, 1.31493574e-02, -1.80785023e-02,
       -7.51759438e-03, 1.67157147e-02, 1.13943303e-02, -1.01247812e-02,
       2.11171899e-03, -1.08970581e-02, -2.24131588e-02, -1.19306594e-02,
       5.87576209e-03, -7.09102675e-03, 1.22925884e-03, -4.09594504e-03,
       -3.56698089e-04, 4.39772528e-04, -1.04389591e-02, -1.05371652e-02,
       2.28204876e-02, 2.67871539e-04, 1.55448057e-02, 1.91881079e-02,
       4.28138860e-03, -2.94373985e-02, -1.91386230e-02, -1.52495923e-02,
       -1.61763597e-02, -8.99930601e-04, -4.56298282e-03,
       -1.60387959e-02, -4.87380568e-03, -2.06125379e-02,
       -1.24569312e-02, -9.47860710e-04, -1.30415792e-02,
       -8.89007002e-03, -4.13942244e-03, 1.62027795e-02, 2.87913233e-02,
       1.61087979e-02, -1.31517323e-02, -3.30298133e-02, -2.22627819e-02,
       -1.35185448e-02, -9.09633189e-03, 1.18303075e-02, 8.49291508e-04,
       4.42560791e-04, 7.01102521e-03, -3.40945087e-02, 4.56534931e-03,
       1.58551894e-02, 2.50866972e-02, 3.48260701e-02, -4.82069142e-03,
       -1.65620213e-03, 1.61397159e-02, 3.58199663e-02, -1.70036394e-03,
       -3.74423526e-02, -2.57467553e-02, -3.44190933e-02,
       -4.03122902e-02, -2.92936377e-02, -1.21684913e-02,
       -1.76528506e-02, -1.91034023e-02, -3.22872475e-02,
       -1.54305389e-02, -2.21935171e-03, -2.59657041e-03, 8.76296964e-03,
       8.62217695e-03, 4.09811586e-02, 2.02392861e-02, 1.08414022e-02,
       -8.23800173e-03, -2.89319195e-02, -1.36064645e-02,
       -1.95502061e-02, -1.39140999e-02, -3.82620990e-02,
       -2.89175175e-02, -1.70812514e-02, -4.78796661e-03,
       -3.50791924e-02, 1.37408879e-02, 4.00079973e-02, 4.33863550e-02,
       6.28365651e-02, 4.89455611e-02, 3.37193385e-02, 2.40686238e-02,
       3.97737324e-02, 2.03411616e-02, -2.29201429e-02, -1.70164835e-02,
       -3.66921872e-02, -3.06924246e-02, -1.32574365e-02, 1.06080156e-02,
       -1.82582866e-02, -1.14832073e-02, -2.25672927e-02,
       -2.26113829e-03, -9.62043740e-03, -3.66521031e-02,
       -1.21981287e-02, -2.29484253e-02, -1.31019186e-02,
       -1.47132920e-02, -1.44211873e-02, -8.14597495e-03,
       -1.76816620e-02, -7.47838896e-03, -1.03904167e-02, 2.14147028e-02,
       1.25349564e-02, 3.73122003e-03, -1.44551666e-02, -3.35665140e-03,
       -1.26075661e-02, 2.35055969e-03, -1.99278421e-03, -6.42072409e-03,
       1.01199690e-02, 6.32878812e-03, 1.65221337e-02, 5.44872927e-03,
       5.74479345e-03, 1.10954158e-02, 1.83465760e-02, -3.65312770e-03,
       -1.96518674e-02, -9.65251308e-03, -2.36916933e-02,
       -3.67969018e-03, -2.10726587e-03, 4.78212675e-03, 9.85224172e-03,
       -2.39386372e-02, -3.79026718e-02, -4.43301946e-02,
       -4.82392497e-02, -6.65731803e-02, -6.71031550e-02,
       -4.11662608e-02, -2.33717635e-02, -2.98074596e-02, 5.29822968e-02,
