%YAML:1.0
---
detector: !!opencv-object-detector-hog
   winSize: [ 64, 64 ]
   blockSize: [ 16, 16 ]
   blockStride: [ 8, 8 ]
   cellSize: [ 8, 8 ]
   nbins: 9
   derivAperture: 1
   winSigma: 4.
   histogramNormType: 0
   L2HysThreshold: 2.0000000000000001e-01
   gammaCorrection: 1
   nlevels: 64
   signedGradient: 0
   SVMDetector: [ -3.92560400e-02, -5.19620031e-02, -4.19485942e-02,
       -2.84283934e-03, -5.02907634e-02, -1.60588399e-02,
       -4.47494313e-02, -4.23075818e-02, -4.45239916e-02, 2.54350211e-02,
       -2.16412917e-03, 6.54428033e-03, 5.45364209e-02, -4.33851499e-03,
       1.49633605e-02, 1.07038300e-02, 2.18343269e-03, 1.09402342e-02,
       -7.27392128e-03, -2.27307016e-03, -2.92438939e-02,
       -1.38570443e-02, -7.40034692e-03, -1.73976589e-02,
       -4.08361293e-02, -6.76265685e-03, 9.64107271e-03, -1.28419613e-02,
       -1.56021910e-03, -2.30496255e-04, 3.13607603e-02, 2.17784494e-02,
       2.97551304e-02, -1.10333972e-02, 4.81500253e-02, 6.47325767e-03,
       -6.05644546e-02, -3.31321023e-02, -3.28408889e-02,
       -1.97196323e-02, -3.09979413e-02, -5.11429831e-02,
       -3.98781896e-02, -3.92645933e-02, -4.06790376e-02, 1.28116375e-02,
       5.77705503e-02, 6.37749061e-02, 6.81720152e-02, 3.66681702e-02,
       6.91037029e-02, 8.86765942e-02, 4.90620956e-02, 3.39901559e-02,
       -6.43151700e-02, -6.26867935e-02, -5.17145358e-02,
       -4.29803915e-02, -2.75823232e-02, -5.96240461e-02,
       -8.56771991e-02, -5.21028116e-02, -2.58792080e-02, 3.00332885e-02,
       1.38186961e-02, 3.02168652e-02, 4.89226542e-02, 2.41174754e-02,
       1.40874544e-02, 3.37060206e-02, 5.38250944e-03, -2.68163928e-03,
       -4.82628271e-02, -1.52954794e-02, -2.34860480e-02,
       -6.98710382e-02, -5.88830635e-02, -1.77953877e-02,
       -2.24610996e-02, 8.35890416e-03, -4.83120978e-02, 8.24999660e-02,
       9.23734158e-02, 6.33970797e-02, 3.69108170e-02, 2.52407920e-02,
       3.54179442e-02, 6.12735376e-02, 8.20964798e-02, 7.49475807e-02,
       -3.28428671e-02, -4.37429398e-02, -2.07349602e-02,
       -5.32148741e-02, -4.82646748e-02, -6.52507395e-02,
       -3.64048854e-02, -3.65395993e-02, -7.34645203e-02, 1.19159482e-02,
       3.28270197e-02, 4.79433015e-02, -1.80303399e-02, 8.06169119e-03,
       1.81064177e-02, 1.61324590e-02, 2.61834133e-02, 1.32121276e-02,
       2.57956292e-02, 2.21810304e-02, -7.26900529e-03, -2.84526311e-02,
       2.18595546e-02, 5.76319955e-02, 9.91061609e-03, 2.99310815e-02,
       1.07440939e-02, -1.85248011e-03, 2.52015460e-02, 2.50630081e-02,
       -2.25120839e-02, -9.12048817e-02, -4.68646251e-02, 1.02437781e-02,
       4.90549428e-04, -6.79153251e-03, 6.75260928e-03, 1.69587322e-02,
       -1.23475809e-02, -2.74073482e-02, 4.36591320e-02, 4.32559848e-02,
       -5.07292664e-03, 9.29677114e-03, 4.42143017e-03, -1.78821925e-02,
       3.75878103e-02, 1.16216503e-02, -6.88261446e-03, -2.22388506e-02,
       -5.71686998e-02, -1.13965068e-02, -3.75588574e-02,
       -4.51013260e-02, 4.27636206e-02, 1.45604638e-02, -1.40995756e-02,
       -2.88994685e-02, -3.34965289e-02, 5.34156598e-02, 1.81075875e-02,
       1.38108190e-02, 9.76806413e-03, -8.64793826e-03, -4.47611809e-02,
       -4.28605601e-02, -2.61499994e-02, -6.33727536e-02,
       -4.90703732e-02, -4.81600836e-02, -4.75451685e-02,
       -3.42458971e-02, 5.15723303e-02, 4.38745990e-02, 1.05096549e-02,
       5.44100627e-02, 5.83919324e-02, 8.87293443e-02, 5.21111675e-02,
       2.71088630e-02, 3.07333823e-02, -8.13284889e-03, -3.90471891e-02,
       -3.58095914e-02, -5.53777032e-02, -8.25787615e-03,
       -2.76948325e-02, -4.02863845e-02, -3.12368684e-02,
       -3.08757927e-02, 9.67607833e-03, -2.24725828e-02, 2.10799859e-03,
       2.29026191e-02, -3.35040689e-02, 3.31195965e-02, 1.64423529e-02,
       3.33730318e-02, 4.84728031e-02, -5.37005290e-02, -5.84636070e-02,
       -5.44430427e-02, -4.90190499e-02, -1.71322059e-02,
       -2.67925709e-02, -5.28923944e-02, -3.09191458e-02,
       -1.96697339e-02, 1.95456576e-02, 7.18779210e-03, 2.11224449e-03,
       3.41110304e-02, 1.45008648e-02, 4.37952653e-02, 5.14671579e-02,
       6.27499297e-02, 3.60290371e-02, -3.25110257e-02, -3.89711559e-02,
       -5.66657707e-02, -3.33917513e-02, 8.84463545e-04, -2.69505680e-02,
       -3.64315435e-02, -2.67819501e-02, -3.14422436e-02,
       -1.42557910e-02, -2.52746493e-02, -1.44671481e-02, 9.62860242e-04,
       4.92719002e-02, 1.02751032e-02, -3.42738698e-03, 7.88375735e-03,
       4.85078432e-03, -5.11008091e-02, -2.11606063e-02, -1.00891767e-02,
       9.84453503e-03, 2.56573074e-02, -7.45309070e-02, -3.49965356e-02,
       -1.59019064e-02, -2.64918152e-02, 1.73020214e-02, 1.13968700e-02,
       1.33043351e-02, 5.02385683e-02, 2.20469963e-02, 2.73742024e-02,
       8.62349663e-03, 1.48241585e-02, 2.20364705e-02, -9.53314640e-03,
       6.06187526e-03, -1.06414668e-02, -3.70057765e-03, 2.21979655e-02,
       -4.61140871e-02, -7.02036694e-02, -1.24358227e-02,
       -2.50758100e-02, -1.69996899e-02, -2.34706923e-02,
       -2.60011852e-02, -9.65990778e-03, 2.11612694e-02, 2.42933398e-03,
       -2.65968293e-02, -1.71629358e-02, 6.85460912e-03, -2.14498676e-02,
       -1.40039818e-02, 2.55821133e-03, 2.00336725e-02, 1.99837401e-03,
       6.20342616e-05, 2.94317864e-03, 2.66426913e-02, 2.13712081e-02,
       -4.08027954e-02, -3.56780179e-02, -2.72412878e-02, 1.39745101e-02,
       5.24387974e-03, -6.22939970e-03, -1.96945257e-02, -2.77708210e-02,
       -3.59028876e-02, -1.26517871e-02, -8.49866215e-03, 1.29400454e-02,
       5.01652621e-02, 1.47145009e-02, 5.04449417e-04, 5.17778844e-03,
       5.02193952e-03, -1.18713146e-02, -4.59916666e-02, -5.44865914e-02,
       -3.99251282e-02, -4.62067090e-02, -1.78092290e-02,
       -3.55149060e-02, -4.31498140e-02, -2.89336089e-02,
       -2.14937385e-02, 4.74079177e-02, 6.30569551e-03, 4.63833101e-03,
       3.32876965e-02, 1.61691208e-03, 3.88167985e-02, 8.62216651e-02,
       5.75815551e-02, 1.77610256e-02, -4.00213227e-02, -4.90416959e-02,
       -4.82368954e-02, -3.23990248e-02, -2.07387041e-02,
       -4.92958464e-02, -5.52677587e-02, -5.55596873e-02,
       -5.82368188e-02, 3.77007797e-02, 2.39833370e-02, 1.59247089e-02,
       5.50519191e-02, 1.08660590e-02, 3.07072178e-02, 5.31169772e-02,
       4.13502119e-02, 1.43825859e-02, -1.52588077e-02, -5.44185266e-02,
       -6.23164885e-02, -7.94283897e-02, -3.09875384e-02,
       -5.07694632e-02, 5.06019266e-03, -2.53705159e-02, -4.05817069e-02,
       1.71829369e-02, -9.76078399e-03, 2.48742308e-02, 2.82127373e-02,
       -6.39519095e-03, 4.62414660e-02, 6.17261752e-02, 2.86888462e-02,
       2.20727380e-02, -2.86110137e-02, -7.18688294e-02, -8.78326446e-02,
       -8.79526362e-02, -4.19305041e-02, -6.44863471e-02,
       -8.29582755e-03, -2.25709546e-02, -1.90038867e-02, 1.30109917e-02,
       9.59382951e-03, 5.95451035e-02, 2.88047399e-02, 2.47466024e-02,
       2.41797026e-02, 6.82774112e-02, 2.52826735e-02, 3.01860292e-02,
       -1.01645328e-02, -3.22586782e-02, -1.53970178e-02,
       -1.73269566e-02, 4.45192531e-02, 5.36309406e-02, -1.91442631e-02,
       -1.59828290e-02, -2.02497914e-02, -2.30367732e-04, 7.59183103e-03,
       -2.51707621e-03, 2.62238365e-02, 4.44634296e-02, 2.10306072e-03,
       -2.06957702e-02, -2.03183703e-02, -3.32627515e-03,
       -3.48189808e-02, -2.98091155e-02, 2.40556393e-02, 3.11356690e-02,
       3.38542648e-02, 2.46763863e-02, -2.23692711e-02, -6.77368864e-02,
       -4.26930338e-02, -1.81542188e-02, 1.53084716e-03, 2.60017328e-02,
       5.58036789e-02, 5.10085374e-02, -4.21450706e-03, -1.90841388e-02,
       -3.37428227e-02, -1.86980031e-02, 3.41181569e-02, -5.63948881e-03,
       -2.56016292e-03, 2.77849118e-04, 6.79558795e-03, 5.72877340e-02,
       1.45727862e-02, 2.44186670e-02, 5.42744212e-02, 3.81127262e-04,
       -6.27242401e-02, -3.14475782e-02, -2.25830376e-02,
       -5.23818433e-02, -5.28792292e-02, -6.41536564e-02,
       -3.62231657e-02, -4.01454046e-03, 1.90752074e-02, -2.17686687e-03,
