%YAML:1.0
---
detector: !!opencv-object-detector-hog
   winSize: [ 64, 64 ]
   blockSize: [ 16, 16 ]
   blockStride: [ 8, 8 ]
   cellSize: [ 8, 8 ]
   nbins: 9
   derivAperture: 1
   winSigma: 4.
   histogramNormType: 0
   L2HysThreshold: 2.0000000000000001e-01
   gammaCorrection: 1
   nlevels: 64
   signedGradient: 0
   SVMDetector: [ -3.46994624e-02, -1.45994369e-02, -2.15920899e-02,
       -4.01237002e-03, 2.95294300e-02, -7.64322188e-03, -8.57915264e-03,
       1.18468879e-02, -1.50307780e-02, -2.95910854e-02, -8.68505053e-03,
       -1.76666174e-02, 1.32942516e-02, 3.28118615e-02, 1.74176344e-03,
       9.74907074e-03, 1.59406811e-02, -1.72416214e-02, -1.30332876e-02,
       1.72757879e-02, -1.02172075e-02, -6.26579626e-03, -4.94379923e-03,
       -2.08030827e-02, -1.55952824e-02, 5.05688228e-03, -1.33105097e-02,
       -1.77186485e-02, 6.47191238e-03, 1.31189134e-02, 2.12511495e-02,
       1.55008966e-02, -1.57151129e-02, -3.58256814e-03, 9.21169389e-03,
       5.39914658e-03, -5.11615127e-02, -2.25057472e-02, -2.20706686e-02,
       -1.48427244e-02, -3.11578177e-02, -1.25707537e-02,
       -1.40964920e-02, -2.43916176e-02, -5.13329208e-02, 1.57517809e-02,
       2.42199395e-02, -9.38383688e-04, 2.66541187e-02, 3.14543210e-02,
       6.38944879e-02, 4.36233580e-02, 3.41515094e-02, 1.62374750e-02,
       -4.16913182e-02, -3.29830311e-02, -1.70723014e-02,
       -1.09095229e-02, -2.48332769e-02, -3.31010073e-02,
       -3.91715653e-02, -2.99195684e-02, -2.16560476e-02,
       -1.23562720e-02, 8.02991446e-03, -1.53072104e-02, -3.13132699e-03,
       2.07562279e-02, 2.07116585e-02, 4.88381134e-03, 6.32828893e-03,
       -1.01927444e-02, -3.34686935e-02, -2.38921400e-02,
       -5.01640551e-02, -5.03643192e-02, -3.17163877e-02, 1.57737974e-02,
       -7.53611326e-03, 7.66807841e-03, -2.59043779e-02, 2.11761966e-02,
       2.50488259e-02, 1.55942012e-02, 3.86053286e-02, 5.24534434e-02,
       4.00852747e-02, 7.87194893e-02, 5.99708706e-02, 4.47699837e-02,
       -3.61835025e-02, -3.79713140e-02, -6.02794215e-02,
       -6.03672154e-02, -6.45763129e-02, -2.37511415e-02,
       -3.39016244e-02, -2.50016712e-02, -4.37904894e-02, 1.94646195e-02,
       1.04459673e-02, 2.41484726e-03, -1.77155491e-02, -1.80808995e-02,
       1.15455883e-02, 4.25622240e-02, 2.97185928e-02, 1.47686638e-02,
       -1.12110411e-03, -7.74538470e-03, -2.91234236e-02,
       -2.82479003e-02, 4.21185698e-03, 4.44323905e-02, 4.90440726e-02,
       5.40536344e-02, 1.52502730e-02, -9.91710089e-03, -2.03070994e-02,
       -3.17654572e-02, 1.15384546e-03, -6.92560673e-02, 5.73970424e-03,
       4.17207219e-02, 4.53937128e-02, -4.83143609e-04, -3.74697614e-03,
       -3.86493350e-03, -2.70978920e-02, -4.18810323e-02,
       -3.40681113e-02, 3.89109068e-02, 3.26556042e-02, 1.32263517e-02,
       -6.16692984e-03, -8.29258934e-03, -2.79741287e-02,
       -1.86221208e-02, -6.56209607e-03, -3.64050120e-02,
       -1.10215284e-02, 2.36224383e-03, -1.04542375e-02, -2.35995911e-02,
       1.72342137e-02, 2.15718918e-03, -9.85790603e-03, 1.41754402e-02,
       -2.66107582e-02, 4.86541837e-02, 6.60060421e-02, 6.17914684e-02,
       1.79165807e-02, -5.20534767e-03, -1.42112197e-02, -3.83104868e-02,
       -3.32079791e-02, -6.45070150e-02, -5.07201143e-02,
       -9.21766274e-03, -3.08070565e-03, -1.18816877e-02, 3.90963890e-02,
       1.04311118e-02, 9.53204406e-04, 2.34739333e-02, 1.90629177e-02,
       3.71072218e-02, 6.53277040e-02, 3.09717972e-02, 2.98484005e-02,
       -6.91174297e-03, -1.00615658e-02, -3.89377810e-02,
       -3.81823219e-02, -2.43413746e-02, -3.78151052e-02,
       -1.60074644e-02, -8.44973885e-03, -1.49906185e-02, 2.92319264e-02,
       1.82713345e-02, 6.81991782e-03, 2.82537211e-02, -2.90354751e-02,
       1.12217246e-02, 1.14968689e-02, 8.22326727e-03, 1.84167158e-02,
       -1.53213190e-02, -8.58842395e-03, -1.86710376e-02,
       -1.94020756e-02, -4.74096574e-02, -2.01311540e-02,
       -2.41620820e-02, -1.91987995e-02, -1.64686367e-02, 2.84391232e-02,
       3.31670567e-02, 1.31822685e-02, 3.25518064e-02, 1.39115872e-02,
       2.26151068e-02, 1.83417834e-02, 1.92205831e-02, 1.46993203e-02,
       -3.54198227e-03, -4.07943153e-04, -1.33282868e-02, 1.20253060e-02,
       8.43909197e-03, -7.40009779e-03, 1.25687197e-03, -6.50212634e-03,
       -5.29764872e-03, -5.85141033e-03, 5.36014885e-03, -2.27319193e-03,
       -1.79502890e-02, -1.45263877e-02, 1.57505146e-03, -1.02720154e-03,
       1.78272463e-02, 9.64144152e-03, -2.41752993e-03, 2.33142031e-03,
       1.11036748e-03, -1.81311835e-02, -2.10610945e-02, -4.14058678e-02,
       -3.88166797e-03, -1.46159148e-02, 1.90562606e-02, 1.84167642e-02,
       1.73565838e-02, 3.30223143e-03, 1.43359676e-02, 2.22051162e-02,
       3.51986885e-02, 2.14516148e-02, 1.77673958e-02, 1.98938120e-02,
       2.06400231e-02, 1.04109151e-02, 1.78510062e-02, 1.85084920e-02,
       2.08905302e-02, -1.60691924e-02, -2.61791050e-02, -1.39204571e-02,
       5.18502388e-03, -1.59350988e-02, 6.66424632e-03, -1.01719433e-02,
       -1.04154795e-02, 1.94456764e-02, -1.00857690e-02, 4.36963886e-03,
       1.71596743e-02, 4.08999156e-03, -5.49747329e-03, 1.65925622e-02,
       2.05801744e-02, 1.01593500e-02, 1.74974781e-02, -6.89175958e-03,
       2.13425569e-02, 2.47168560e-02, 2.68542394e-02, -4.42231856e-02,
       -8.03468004e-03, 4.44532093e-03, 1.78385861e-02, 5.09067159e-03,
       -2.44731512e-02, -6.22957619e-03, -4.11542458e-03,
       -4.57345098e-02, -8.77087843e-03, 2.80179512e-02, 2.31070835e-02,
       4.51196171e-02, 2.87920088e-02, -3.55339213e-03, 3.09517048e-02,
       -5.14439354e-03, -1.70385223e-02, -4.49855998e-02,
       -3.66832279e-02, -2.57664640e-02, -2.16889735e-02,
       -3.29420418e-02, -7.18973437e-03, -1.29586961e-02,
       -2.98176892e-03, -1.69217065e-02, -2.05433927e-02, 5.88560384e-03,
       -1.76475123e-02, -4.57176333e-03, 1.59767065e-02, 4.51663993e-02,
       2.47382484e-02, 2.81005446e-02, -1.17523866e-02, -5.31904697e-02,
       -2.29368601e-02, -1.56852007e-02, 3.80222942e-03, -3.07783037e-02,
       -1.62726585e-02, -9.64986905e-03, -1.90602541e-02,
       -5.97724356e-02, 2.21014488e-02, 3.79252099e-02, 3.33298594e-02,
       6.39587045e-02, 2.00681929e-02, 5.99334687e-02, 3.72431464e-02,
       6.03476912e-02, 2.40089409e-02, -4.94051650e-02, -4.00907695e-02,
       -6.99938834e-02, -6.44843578e-02, -4.82544117e-02,
       -7.74494791e-03, -3.19294855e-02, -2.50530783e-02,
       -4.49265614e-02, -1.03301285e-02, 2.78094923e-03, -4.40263277e-04,
       -4.26282594e-03, -2.92687491e-02, 4.00366485e-02, 3.34426016e-02,
       1.52459359e-02, 4.96828649e-03, -3.60818990e-02, -1.31266182e-02,
       -3.79575416e-02, -2.79859435e-02, -2.59503126e-02,
       -2.00005015e-03, -1.97238717e-02, -1.33548547e-02,
       -4.15740125e-02, 2.39328798e-02, 5.74104078e-02, 7.11247176e-02,
       3.88013944e-02, 3.91131006e-02, 7.11649880e-02, 6.90493658e-02,
       5.48500642e-02, 3.03874910e-02, -1.85976066e-02, -1.18081933e-02,
       -2.30924729e-02, -4.96772118e-02, -4.82761748e-02, 4.13119271e-02,
       -7.03619840e-03, -1.67550612e-02, -1.70960966e-02,
       -1.65541340e-02, -2.85203457e-02, -1.98828168e-02, 4.41902876e-03,
       -6.57231128e-03, 5.96317928e-03, -3.77875927e-04, -3.02150175e-02,
       -3.04255169e-02, -8.08158237e-03, 3.99172166e-03, 2.45483406e-02,
       -2.79193819e-02, -3.18330303e-02, 4.65638526e-02, 2.45132167e-02,
       -1.07337546e-03, -1.87638507e-03, -3.82492109e-03,
       -4.71710879e-03, 2.79636476e-02, 4.97950423e-05, -8.72605422e-04,
       3.85074466e-02, 4.40133139e-02, -9.70037468e-03, 6.32802211e-03,
       8.91356170e-03, -1.47341667e-02, -1.32342475e-02, 2.51026656e-02,
       -1.09838480e-02, -1.84560276e-03, 6.51852321e-03, -2.15343549e-03,
       -3.12232878e-03, -3.37682925e-02, -3.90208662e-02,
       -4.97593582e-02, -4.48883772e-02, -5.12619391e-02,
       -6.25981838e-02, -5.46708517e-02, -2.87484508e-02,
